2|
3|
4|
5|
6|
7|
8|
9|
10|
11|
12|
13|
14|
15|
16|
17|
18|
19|
20|
21|
22|
23|
24|
25|
26|
27|
28|
29|
30|
31|
32|
33|
34|
35|
36|
37|
38|
39|
40|
41|
42|
43|
44|
45|
46|
47|
48|
49|
50|
51|
52|
53|
54|
55|
56|
57|
58|
59|
60|
61|
62|
63|
64|
65|
66|
67|
68|
69|
70|
71|
72|
73|
74|
75|
76|
77|
78|
79|
80|
81|
82|
83|
84|
85|
86|
87|
88|
89|
90|
91|
92|
93|
94|
95|
96|
97|
98|
99|
100|
101|
102|
103|
104|
105|
106|
107|
108|
109|
110|
111|
112|
113|
114|
115|
116|
117|
118|
119|
120|
121|
122|
123|
124|
125|
126|
127|
128|
129|
130|
131|
132|
133|
134|
135|
136|
137|
138|
139|
140|
141|
142|
143|
144|
145|
146|
147|
148|
149|
150|
151|
152|
153|
154|
155|
156|
157|
158|
159|
162|
163|
164|
165|
166|
167|
168|
169|
170|
171|
172|
173|
174|
175|
176|
177|
178|
179|
180|
181|
182|
183|
184|
185|
186|
187|QC41-Hinh_01_2019.png;QC41-Bang_01.png;QC41-Bang_02.png
188|
189|
190|
191|
192|
193|
194|
195|
196|
197|
198|
199|
200|
201|
202|
203|
204|
205|QC41-QC_17.3.png
206|
207|
208|
209|
210|
211|
212|
213|
214|
215|
216|
217|
218|
219|
220|
221|
222|
223|
224|
225|
226|
227|
228|QC41-Hinh_02.png
229|
230|
231|
232|QC41-Hinh_03.png
233|
234|
235|
236|
237|
238|
239|
240|
241|
242|
243|
244|
245|
246|
247|
248|
249|
250|
251|
252|
253|
254|
255|
256|
257|
258|
259|
260|
261|
262|
263|
264|
265|
266|
267|
268|
269|
270|
271|
272|
273|
274|
275|
276|
277|
278|
279|
280|
281|
282|
283|
284|
285|
286|
287|
288|
289|
290|
291|
292|
293|
294|
295|
296|
297|
298|
299|
300|
301|
302|
303|
304|
305|
306|
307|
308|
309|
310|
311|
312|
313|
314|
315|
316|
317|
318|
319|
320|
321|
322|
323|
324|
325|
326|
327|
328|
329|
330|
331|
332|
333|
334|
335|
336|
337|
338|
339|
340|
341|
342|
343|
344|
345|
346|
347|
348|
349|
350|
351|
352|
353|
354|
355|
356|
357|
358|QC41-Bang_04.png
364|
365|
371|
372|
373|
379|QC41-Bang_05.png
380|
381|
384|
385|
386|
387|
388|QC41-QC_50.5.3.a.png;QC41-QC_50.5.3.b.png
389|
390|
391|QC41-Hinh_04.png
394|QC41-QC_50.7.a.png;QC41-QC_50.7.b.png;QC41-QC_50.7.c.png;QC41-QC_50.7.d.png;QC41-QC_50.7.e.png;QC41-QC_50.7.f.png;QC41-QC_50.7.g.png;QC41-QC_50.7.h.png;QC41-QC_50.7.i.png;QC41-QC_50.7.k.png;QC41-QC_50.7.l.png;QC41-QC_50.7.m.png;QC41-QC_50.7.n.png;QC41-QC_50.7.o.png;QC41-QC_50.7.p.png;QC41-QC_50.7.q.png;QC41-QC_50.7.r.png;QC41-QC_50.7.s.png;QC41-QC_50.7.t.png
395|QC41-QC_50.8.png
396|
397|QC41-Hinh_06.png
400|
401|
402|
403|
404|QC41-QC_51.1.2.a.png;QC41-QC_51.1.2.b.png;QC41-Bang_06.png;
405|
406|
407|QC41-QC_51.2.1.a.png;QC41-QC_51.2.2.b.png
408|QC41-Hinh_09a.png;QC41-Hinh_09b.png
409|
410|QC41-QC_51.4.1.a.png;QC41-QC_51.4.1.b.png
411|QC41-Hinh_10.png
412|QC41-Hinh_11.png;QC41-Hinh_11b.png
413|QC41-QC_51.6.a.png;QC41-QC_51.6.b.png
414|
415|
416|QC41-Hinh_13.png;QC41-Hinh_14.png;QC41-Hinh_15.png
417|QC41-Hinh_16.png
418|QC41-Hinh_17.png
419|
420|QC41-Hinh_18.png
421|QC41-Hinh_18.png
422|QC41-QC_51.11.a.png;QC41-QC_51.11.b.png;QC41-QC_51.11.c.png
423|QC41-QC_51.12.a.png;QC41-QC_51.12.b.png;QC41-QC_51.12.c.png;QC41-QC_51.12.d.png
424|QC41-Hinh_21.png
425|QC41-QC_51.14.a.png;QC41-QC_51.14.b.png;QC41-QC_51.14.c.png
426|QC41-QC_51.15.a.png;QC41-QC_51.15.b.png
427|QC41-QC_51.16.a.png;QC41-QC_51.16.b.png
428|QC41-Hinh_25.png
429|QC41-QC_51.18.a.png;QC41-QC_51.18.b.png
430|QC41-QC_51.19.a.png;QC41-QC_51.19.b.png;QC41-QC_51.19.c.png
431|QC41-QC_51.20.a.png;QC41-QC_51.20.b.png;QC41-Bang_07.png
432|QC41-Hinh_29.png
433|QC41-Hinh_30.png;QC41-Hinh_31.png
434|
435|QC41-Hinh_32.png
436|QC41-Hinh_33.png
437|
438|
439|
440|
441|
442|
443|
444|
445|
446|
447|
448|
449|
450|
451|
452|
453|
454|
455|
456|
457|
458|
459|
460|
461|
462|
463|
464|
465|
466|
467|
468|
469|
470|
471|
472|
473|
474|
475|
476|
477|
478|
479|
480|
481|
486|
490|
491|
492|
493|
494|
495|
496|
497|
498|
499|
500|
501|
502|
503|
506|
511|
516|
517|QC41-Hinh_34a.png;QC41-Hinh_34b.png
518|QC41-QC_61.3.2.png
519|
523|
524|
525|
529|
530|
531|
532|
533|
534|
535|
536|
537|
538|
539|
540|
541|
542|
543|
544|
545|
546|
547|
548|QC41-PLI_Hinh_I.1.png
549|QC41-PLI_Hinh_I.2.png
550|QC41-PLI_Hinh_I.3.png
551|
552|
553|
554|
555|
556|
557|
558|
559|
560|
561|
562|
563|
564|
565|
566|
567|
568|
569|
570|
571|
572|
573|
574|
575|
576|
577|
578|
579|
580|
581|
582|
583|
584|
585|
586|
587|
588|
589|
590|
591|
592|
593|
594|
595|
596|
597|
598|
599|
600|
601|
602|
603|
604|
605|
606|
607|
612|
613|
614|
615|
616|
617|
618|
619|
620|
621|
622|
623|
624|
625|
626|
627|
628|
629|
630|
631|
632|
633|
634|
635|
636|
637|
638|
639|
640|
641|
642|
646|
647|
648|
649|
650|
651|
652|
653|
654|
655|
656|
657|
658|
659|
660|
661|
662|
663|
664|
665|
666|
667|
668|
669|
670|
671|
672|
673|
674|
675|
676|
